14	661	660
660	662	176
661	177	662
662	660	661
176	664	663
663	665	56
664	178	665
665	663	664
177	667	666
666	668	178
667	57	668
668	666	667
178	664	666
666	662	177
664	176	662
662	666	664
56	671	669
669	672	670
671	180	672
672	669	671
670	674	673
673	675	15
674	181	675
675	673	674
180	677	676
676	678	181
677	58	678
678	676	677
181	674	676
676	672	180
674	670	672
672	676	674
57	681	679
679	682	680
681	183	682
682	679	681
680	684	683
683	685	58
684	184	685
685	683	684
183	687	686
686	688	184
687	17	688
688	686	687
184	684	686
686	682	183
684	680	682
682	686	684
58	677	683
683	689	680
677	180	689
689	683	677
680	690	679
679	668	57
690	178	668
668	679	690
180	671	691
691	665	178
671	56	665
665	691	671
178	690	691
691	689	180
690	680	689
689	691	690
15	693	692
692	694	185
693	186	694
694	692	693
185	696	695
695	697	59
696	698	697
697	695	696
186	700	699
699	701	698
700	60	701
701	699	700
698	696	699
699	694	186
696	185	694
694	699	696
59	703	702
702	704	188
703	189	704
704	702	703
188	706	705
705	707	16
706	190	707
707	705	706
189	709	708
708	710	190
709	61	710
710	708	709
190	706	708
708	704	189
706	188	704
704	708	706
60	712	711
711	713	191
712	714	713
713	711	712
191	716	715
715	717	61
716	193	717
717	715	716
714	719	718
718	720	193
719	18	720
720	718	719
193	716	718
718	713	714
716	191	713
713	718	716
61	709	715
715	721	191
709	189	721
721	715	709
191	722	711
711	701	60
722	698	701
701	711	722
189	703	723
723	697	698
703	59	697
697	723	703
698	722	723
723	721	189
722	191	721
721	723	722
17	725	724
724	726	194
725	195	726
726	724	725
194	728	727
727	729	62
728	730	729
729	727	728
195	732	731
731	733	730
732	63	733
733	731	732
730	728	731
731	726	195
728	194	726
726	731	728
62	735	734
734	736	197
735	737	736
736	734	735
197	739	738
738	740	18
739	199	740
740	738	739
737	742	741
741	743	199
742	64	743
743	741	742
199	739	741
741	736	737
739	197	736
736	741	739
63	745	744
744	746	200
745	201	746
746	744	745
200	748	747
747	749	64
748	202	749
749	747	748
201	751	750
750	752	202
751	19	752
752	750	751
202	748	750
750	746	201
748	200	746
746	750	748
64	742	747
747	753	200
742	737	753
753	747	742
200	754	744
744	733	63
754	730	733
733	744	754
737	735	755
755	729	730
735	62	729
729	755	735
730	754	755
755	753	737
754	200	753
753	755	754
18	719	738
738	756	197
719	714	756
756	738	719
197	757	734
734	758	62
757	203	758
758	734	757
714	712	759
759	760	203
712	60	760
760	759	712
203	757	759
759	756	714
757	197	756
756	759	757
62	761	727
727	762	194
761	204	762
762	727	761
194	763	724
724	688	17
763	184	688
688	724	763
204	765	764
764	685	184
765	58	685
685	764	765
184	763	764
764	762	204
763	194	762
762	764	763
60	700	766
766	767	205
700	186	767
767	766	700
205	769	768
768	678	58
769	181	678
678	768	769
186	693	770
770	675	181
693	15	675
675	770	693
181	769	770
770	767	186
769	205	767
767	770	769
58	765	768
768	771	205
765	204	771
771	768	765
205	772	766
766	760	60
772	203	760
760	766	772
204	761	773
773	758	203
761	62	758
758	773	761
203	772	773
773	771	204
772	205	771
771	773	772
14	660	774
774	775	206
660	176	775
775	774	660
206	777	776
776	778	65
777	207	778
778	776	777
176	663	779
779	780	207
663	56	780
780	779	663
207	777	779
779	775	176
777	206	775
775	779	777
65	783	781
781	784	782
783	785	784
784	781	783
782	787	786
786	788	20
787	210	788
788	786	787
785	790	789
789	791	210
790	66	791
791	789	790
210	787	789
789	784	785
787	782	784
784	789	787
56	669	792
792	794	793
669	670	794
794	792	669
793	796	795
795	797	66
796	212	797
797	795	796
670	673	798
798	799	212
673	15	799
799	798	673
212	796	798
798	794	670
796	793	794
794	798	796
66	790	795
795	800	793
790	785	800
800	795	790
793	801	792
792	780	56
801	207	780
780	792	801
785	783	802
802	778	207
783	65	778
778	802	783
207	801	802
802	800	785
801	793	800
800	802	801
20	804	803
803	805	213
804	214	805
805	803	804
213	807	806
806	808	67
807	215	808
808	806	807
214	810	809
809	811	215
810	216	811
811	809	810
215	807	809
809	805	214
807	213	805
805	809	807
67	813	812
812	814	217
813	218	814
814	812	813
217	816	815
815	817	21
816	219	817
817	815	816
218	819	818
818	820	219
819	69	820
820	818	819
219	816	818
818	814	218
816	217	814
814	818	816
216	822	821
821	823	220
822	221	823
823	821	822
220	825	824
824	826	69
825	222	826
826	824	825
221	828	827
827	829	222
828	22	829
829	827	828
222	825	827
827	823	221
825	220	823
823	827	825
69	819	824
824	830	220
819	218	830
830	824	819
220	831	821
821	811	216
831	215	811
811	821	831
218	813	832
832	808	215
813	67	808
808	832	813
215	831	832
832	830	218
831	220	830
830	832	831
15	692	833
833	834	223
692	185	834
834	833	692
223	836	835
835	837	224
836	225	837
837	835	836
185	695	838
838	839	225
695	59	839
839	838	695
225	836	838
838	834	185
836	223	834
834	838	836
224	841	840
840	842	226
841	227	842
842	840	841
226	844	843
843	845	22
844	228	845
845	843	844
227	847	846
846	848	228
847	71	848
848	846	847
228	844	846
846	842	227
844	226	842
842	846	844
59	702	849
849	850	229
702	188	850
850	849	702
229	852	851
851	853	71
852	230	853
853	851	852
188	705	854
854	855	230
705	16	855
855	854	705
230	852	854
854	850	188
852	229	850
850	854	852
71	847	851
851	856	229
847	227	856
856	851	847
229	857	849
849	839	59
857	225	839
839	849	857
227	841	858
858	837	225
841	224	837
837	858	841
225	857	858
858	856	227
857	229	856
856	858	857
22	828	843
843	859	226
828	221	859
859	843	828
226	860	840
840	861	224
860	231	861
861	840	860
221	822	862
862	863	231
822	216	863
863	862	822
231	860	862
862	859	221
860	226	859
859	862	860
224	864	835
835	865	223
864	232	865
865	835	864
223	866	833
833	799	15
866	212	799
799	833	866
232	868	867
867	797	212
868	66	797
797	867	868
212	866	867
867	865	232
866	223	865
865	867	866
216	810	869
869	870	233
810	214	870
870	869	810
233	872	871
871	791	66
872	210	791
791	871	872
214	804	873
873	788	210
804	20	788
788	873	804
210	872	873
873	870	214
872	233	870
870	873	872
66	868	871
871	874	233
868	232	874
874	871	868
233	875	869
869	863	216
875	231	863
863	869	875
232	864	876
876	861	231
864	224	861
861	876	864
231	875	876
876	874	232
875	233	874
874	876	875
14	774	877
877	878	234
774	206	878
878	877	774
234	880	879
879	881	72
880	235	881
881	879	880
206	776	882
882	883	235
776	65	883
883	882	776
235	880	882
882	878	206
880	234	878
878	882	880
72	885	884
884	886	236
885	887	886
886	884	885
236	889	888
888	890	23
889	238	890
890	888	889
887	892	891
891	893	238
892	73	893
893	891	892
238	889	891
891	886	887
889	236	886
886	891	889
65	781	894
894	895	239
781	782	895
895	894	781
239	897	896
896	898	73
897	240	898
898	896	897
782	786	899
899	900	240
786	20	900
900	899	786
240	897	899
899	895	782
897	239	895
895	899	897
73	892	896
896	901	239
892	887	901
901	896	892
239	902	894
894	883	65
902	235	883
883	894	902
887	885	903
903	881	235
885	72	881
881	903	885
235	902	903
903	901	887
902	239	901
901	903	902
23	905	904
904	906	241
905	242	906
906	904	905
241	908	907
907	909	74
908	910	909
909	907	908
242	912	911
911	913	910
912	75	913
913	911	912
910	908	911
911	906	242
908	241	906
906	911	908
74	915	914
914	916	244
915	245	916
916	914	915
244	918	917
917	919	24
918	246	919
919	917	918
245	921	920
920	922	246
921	76	922
922	920	921
246	918	920
920	916	245
918	244	916
916	920	918
75	925	923
923	926	924
925	248	926
926	923	925
924	928	927
927	929	76
928	249	929
929	927	928
248	931	930
930	932	249
931	25	932
932	930	931
249	928	930
930	926	248
928	924	926
926	930	928
76	921	927
927	933	924
921	245	933
933	927	921
924	934	923
923	913	75
934	910	913
913	923	934
245	915	935
935	909	910
915	74	909
909	935	915
910	934	935
935	933	245
934	924	933
933	935	934
20	803	936
936	937	250
803	213	937
937	936	803
250	939	938
938	940	77
939	941	940
940	938	939
213	806	942
942	943	941
806	67	943
943	942	806
941	939	942
942	937	213
939	250	937
937	942	939
77	946	944
944	947	945
946	253	947
947	944	946
945	949	948
948	950	25
949	254	950
950	948	949
253	952	951
951	953	254
952	78	953
953	951	952
254	949	951
951	947	253
949	945	947
947	951	949
67	812	954
954	955	255
812	217	955
955	954	812
255	957	956
956	958	78
957	256	958
958	956	957
217	815	959
959	960	256
815	21	960
960	959	815
256	957	959
959	955	217
957	255	955
955	959	957
78	952	956
956	961	255
952	253	961
961	956	952
255	962	954
954	943	67
962	941	943
943	954	962
253	946	963
963	940	941
946	77	940
940	963	946
941	962	963
963	961	253
962	255	961
961	963	962
25	931	948
948	964	945
931	248	964
964	948	931
945	965	944
944	966	77
965	257	966
966	944	965
248	925	967
967	968	257
925	75	968
968	967	925
257	965	967
967	964	248
965	945	964
964	967	965
77	969	938
938	970	250
969	258	970
970	938	969
250	971	936
936	900	20
971	240	900
900	936	971
258	973	972
972	898	240
973	73	898
898	972	973
240	971	972
972	970	258
971	250	970
970	972	971
75	912	974
974	975	259
912	242	975
975	974	912
259	977	976
976	893	73
977	238	893
893	976	977
242	905	978
978	890	238
905	23	890
890	978	905
238	977	978
978	975	242
977	259	975
975	978	977
73	973	976
976	979	259
973	258	979
979	976	973
259	980	974
974	968	75
980	257	968
968	974	980
258	969	981
981	966	257
969	77	966
966	981	969
257	980	981
981	979	258
980	259	979
979	981	980
14	877	982
982	983	260
877	234	983
983	982	877
260	985	984
984	986	79
985	261	986
986	984	985
234	879	987
987	988	261
879	72	988
988	987	879
261	985	987
987	983	234
985	260	983
983	987	985
79	990	989
989	991	262
990	992	991
991	989	990
262	994	993
993	995	26
994	264	995
995	993	994
992	997	996
996	998	264
997	80	998
998	996	997
264	994	996
996	991	992
994	262	991
991	996	994
72	884	999
999	1001	1000
884	236	1001
1001	999	884
1000	1003	1002
1002	1004	80
1003	266	1004
1004	1002	1003
236	888	1005
1005	1006	266
888	23	1006
1006	1005	888
266	1003	1005
1005	1001	236
1003	1000	1001
1001	1005	1003
80	997	1002
1002	1007	1000
997	992	1007
1007	1002	997
1000	1008	999
999	988	72
1008	261	988
988	999	1008
992	990	1009
1009	986	261
990	79	986
986	1009	990
261	1008	1009
1009	1007	992
1008	1000	1007
1007	1009	1008
26	1011	1010
1010	1012	267
1011	268	1012
1012	1010	1011
267	1014	1013
1013	1015	81
1014	269	1015
1015	1013	1014
268	1017	1016
1016	1018	269
1017	82	1018
1018	1016	1017
269	1014	1016
1016	1012	268
1014	267	1012
1012	1016	1014
81	1020	1019
1019	1021	270
1020	271	1021
1021	1019	1020
270	1023	1022
1022	1024	27
1023	272	1024
1024	1022	1023
271	1026	1025
1025	1027	272
1026	83	1027
1027	1025	1026
272	1023	1025
1025	1021	271
1023	270	1021
1021	1025	1023
82	1029	1028
1028	1030	273
1029	274	1030
1030	1028	1029
273	1032	1031
1031	1033	83
1032	275	1033
1033	1031	1032
274	1035	1034
1034	1036	275
1035	28	1036
1036	1034	1035
275	1032	1034
1034	1030	274
1032	273	1030
1030	1034	1032
83	1026	1031
1031	1037	273
1026	271	1037
1037	1031	1026
273	1038	1028
1028	1018	82
1038	269	1018
1018	1028	1038
271	1020	1039
1039	1015	269
1020	81	1015
1015	1039	1020
269	1038	1039
1039	1037	271
1038	273	1037
1037	1039	1038
23	904	1040
1040	1041	276
904	241	1041
1041	1040	904
276	1043	1042
1042	1044	84
1043	1045	1044
1044	1042	1043
241	907	1046
1046	1047	1045
907	74	1047
1047	1046	907
1045	1043	1046
1046	1041	241
1043	276	1041
1041	1046	1043
84	1049	1048
1048	1050	278
1049	279	1050
1050	1048	1049
278	1052	1051
1051	1053	28
1052	280	1053
1053	1051	1052
279	1055	1054
1054	1056	280
1055	85	1056
1056	1054	1055
280	1052	1054
1054	1050	279
1052	278	1050
1050	1054	1052
74	914	1057
1057	1058	281
914	244	1058
1058	1057	914
281	1060	1059
1059	1061	85
1060	282	1061
1061	1059	1060
244	917	1062
1062	1063	282
917	24	1063
1063	1062	917
282	1060	1062
1062	1058	244
1060	281	1058
1058	1062	1060
85	1055	1059
1059	1064	281
1055	279	1064
1064	1059	1055
281	1065	1057
1057	1047	74
1065	1045	1047
1047	1057	1065
279	1049	1066
1066	1044	1045
1049	84	1044
1044	1066	1049
1045	1065	1066
1066	1064	279
1065	281	1064
1064	1066	1065
28	1035	1051
1051	1067	278
1035	274	1067
1067	1051	1035
278	1068	1048
1048	1069	84
1068	283	1069
1069	1048	1068
274	1029	1070
1070	1071	283
1029	82	1071
1071	1070	1029
283	1068	1070
1070	1067	274
1068	278	1067
1067	1070	1068
84	1072	1042
1042	1073	276
1072	284	1073
1073	1042	1072
276	1074	1040
1040	1006	23
1074	266	1006
1006	1040	1074
284	1076	1075
1075	1004	266
1076	80	1004
1004	1075	1076
266	1074	1075
1075	1073	284
1074	276	1073
1073	1075	1074
82	1017	1077
1077	1078	285
1017	268	1078
1078	1077	1017
285	1080	1079
1079	998	80
1080	264	998
998	1079	1080
268	1011	1081
1081	995	264
1011	26	995
995	1081	1011
264	1080	1081
1081	1078	268
1080	285	1078
1078	1081	1080
80	1076	1079
1079	1082	285
1076	284	1082
1082	1079	1076
285	1083	1077
1077	1071	82
1083	283	1071
1071	1077	1083
284	1072	1084
1084	1069	283
1072	84	1069
1069	1084	1072
283	1083	1084
1084	1082	284
1083	285	1082
1082	1084	1083
14	982	661
661	1085	177
982	260	1085
1085	661	982
177	1086	667
667	1087	57
1086	286	1087
1087	667	1086
260	984	1088
1088	1089	286
984	79	1089
1089	1088	984
286	1086	1088
1088	1085	260
1086	177	1085
1085	1088	1086
57	1090	681
681	1091	183
1090	1092	1091
1091	681	1090
183	1093	687
687	1094	17
1093	288	1094
1094	687	1093
1092	1096	1095
1095	1097	288
1096	86	1097
1097	1095	1096
288	1093	1095
1095	1091	1092
1093	183	1091
1091	1095	1093
79	989	1098
1098	1100	1099
989	262	1100
1100	1098	989
1099	1102	1101
1101	1103	86
1102	290	1103
1103	1101	1102
262	993	1104
1104	1105	290
993	26	1105
1105	1104	993
290	1102	1104
1104	1100	262
1102	1099	1100
1100	1104	1102
86	1096	1101
1101	1106	1099
1096	1092	1106
1106	1101	1096
1099	1107	1098
1098	1089	79
1107	286	1089
1089	1098	1107
1092	1090	1108
1108	1087	286
1090	57	1087
1087	1108	1090
286	1107	1108
1108	1106	1092
1107	1099	1106
1106	1108	1107
17	1109	725
725	1110	195
1109	291	1110
1110	725	1109
195	1111	732
732	1112	63
1111	1113	1112
1112	732	1111
291	1115	1114
1114	1116	1113
1115	87	1116
1116	1114	1115
1113	1111	1114
1114	1110	291
1111	195	1110
1110	1114	1111
63	1117	745
745	1118	201
1117	293	1118
1118	745	1117
201	1119	751
751	1120	19
1119	294	1120
1120	751	1119
293	1122	1121
1121	1123	294
1122	88	1123
1123	1121	1122
294	1119	1121
1121	1118	293
1119	201	1118
1118	1121	1119
87	1125	1124
1124	1126	295
1125	296	1126
1126	1124	1125
295	1128	1127
1127	1129	88
1128	297	1129
1129	1127	1128
296	1131	1130
1130	1132	297
1131	29	1132
1132	1130	1131
297	1128	1130
1130	1126	296
1128	295	1126
1126	1130	1128
88	1122	1127
1127	1133	295
1122	293	1133
1133	1127	1122
295	1134	1124
1124	1116	87
1134	1113	1116
1116	1124	1134
293	1117	1135
1135	1112	1113
1117	63	1112
1112	1135	1117
1113	1134	1135
1135	1133	293
1134	295	1133
1133	1135	1134
26	1010	1136
1136	1137	298
1010	267	1137
1137	1136	1010
298	1139	1138
1138	1140	89
1139	299	1140
1140	1138	1139
267	1013	1141
1141	1142	299
1013	81	1142
1142	1141	1013
299	1139	1141
1141	1137	267
1139	298	1137
1137	1141	1139
89	1144	1143
1143	1145	300
1144	301	1145
1145	1143	1144
300	1147	1146
1146	1148	29
1147	302	1148
1148	1146	1147
301	1150	1149
1149	1151	302
1150	90	1151
1151	1149	1150
302	1147	1149
1149	1145	301
1147	300	1145
1145	1149	1147
81	1019	1152
1152	1153	303
1019	270	1153
1153	1152	1019
303	1155	1154
1154	1156	90
1155	304	1156
1156	1154	1155
270	1022	1157
1157	1158	304
1022	27	1158
1158	1157	1022
304	1155	1157
1157	1153	270
1155	303	1153
1153	1157	1155
90	1150	1154
1154	1159	303
1150	301	1159
1159	1154	1150
303	1160	1152
1152	1142	81
1160	299	1142
1142	1152	1160
301	1144	1161
1161	1140	299
1144	89	1140
1140	1161	1144
299	1160	1161
1161	1159	301
1160	303	1159
1159	1161	1160
29	1131	1146
1146	1162	300
1131	296	1162
1162	1146	1131
300	1163	1143
1143	1164	89
1163	305	1164
1164	1143	1163
296	1125	1165
1165	1166	305
1125	87	1166
1166	1165	1125
305	1163	1165
1165	1162	296
1163	300	1162
1162	1165	1163
89	1167	1138
1138	1168	298
1167	306	1168
1168	1138	1167
298	1169	1136
1136	1105	26
1169	290	1105
1105	1136	1169
306	1171	1170
1170	1103	290
1171	86	1103
1103	1170	1171
290	1169	1170
1170	1168	306
1169	298	1168
1168	1170	1169
87	1115	1172
1172	1173	307
1115	291	1173
1173	1172	1115
307	1175	1174
1174	1097	86
1175	288	1097
1097	1174	1175
291	1109	1176
1176	1094	288
1109	17	1094
1094	1176	1109
288	1175	1176
1176	1173	291
1175	307	1173
1173	1176	1175
86	1171	1174
1174	1177	307
1171	306	1177
1177	1174	1171
307	1178	1172
1172	1166	87
1178	305	1166
1166	1172	1178
306	1167	1179
1179	1164	305
1167	89	1164
1164	1179	1167
305	1178	1179
1179	1177	306
1178	307	1177
1177	1179	1178
30	1181	1180
1180	1182	308
1181	309	1182
1182	1180	1181
308	1184	1183
1183	1185	91
1184	310	1185
1185	1183	1184
309	1187	1186
1186	1188	310
1187	92	1188
1188	1186	1187
310	1184	1186
1186	1182	309
1184	308	1182
1182	1186	1184
91	1190	1189
1189	1191	311
1190	1192	1191
1191	1189	1190
311	1194	1193
1193	1195	31
1194	313	1195
1195	1193	1194
1192	1197	1196
1196	1198	313
1197	93	1198
1198	1196	1197
313	1194	1196
1196	1191	1192
1194	311	1191
1191	1196	1194
92	1200	1199
1199	1201	314
1200	315	1201
1201	1199	1200
314	1203	1202
1202	1204	93
1203	1205	1204
1204	1202	1203
315	1207	1206
1206	1208	1205
1207	33	1208
1208	1206	1207
1205	1203	1206
1206	1201	315
1203	314	1201
1201	1206	1203
93	1197	1202
1202	1209	314
1197	1192	1209
1209	1202	1197
314	1210	1199
1199	1188	92
1210	310	1188
1188	1199	1210
1192	1190	1211
1211	1185	310
1190	91	1185
1185	1211	1190
310	1210	1211
1211	1209	1192
1210	314	1209
1209	1211	1210
31	1214	1212
1212	1215	1213
1214	318	1215
1215	1212	1214
1213	1217	1216
1216	1218	94
1217	319	1218
1218	1216	1217
318	1220	1219
1219	1221	319
1220	95	1221
1221	1219	1220
319	1217	1219
1219	1215	318
1217	1213	1215
1215	1219	1217
94	1223	1222
1222	1224	320
1223	321	1224
1224	1222	1223
320	1226	1225
1225	1227	32
1226	322	1227
1227	1225	1226
321	1229	1228
1228	1230	322
1229	96	1230
1230	1228	1229
322	1226	1228
1228	1224	321
1226	320	1224
1224	1228	1226
95	1233	1231
1231	1234	1232
1233	324	1234
1234	1231	1233
1232	1236	1235
1235	1237	96
1236	325	1237
1237	1235	1236
324	1239	1238
1238	1240	325
1239	34	1240
1240	1238	1239
325	1236	1238
1238	1234	324
1236	1232	1234
1234	1238	1236
96	1229	1235
1235	1241	1232
1229	321	1241
1241	1235	1229
1232	1242	1231
1231	1221	95
1242	319	1221
1221	1231	1242
321	1223	1243
1243	1218	319
1223	94	1218
1218	1243	1223
319	1242	1243
1243	1241	321
1242	1232	1241
1241	1243	1242
33	1245	1244
1244	1246	326
1245	327	1246
1246	1244	1245
326	1248	1247
1247	1249	97
1248	1250	1249
1249	1247	1248
327	1252	1251
1251	1253	1250
1252	98	1253
1253	1251	1252
1250	1248	1251
1251	1246	327
1248	326	1246
1246	1251	1248
97	1255	1254
1254	1256	329
1255	1257	1256
1256	1254	1255
329	1259	1258
1258	1260	34
1259	331	1260
1260	1258	1259
1257	1262	1261
1261	1263	331
1262	99	1263
1263	1261	1262
331	1259	1261
1261	1256	1257
1259	329	1256
1256	1261	1259
98	1265	1264
1264	1266	332
1265	333	1266
1266	1264	1265
332	1268	1267
1267	1269	99
1268	334	1269
1269	1267	1268
333	1271	1270
1270	1272	334
1271	35	1272
1272	1270	1271
334	1268	1270
1270	1266	333
1268	332	1266
1266	1270	1268
99	1262	1267
1267	1273	332
1262	1257	1273
1273	1267	1262
332	1274	1264
1264	1253	98
1274	1250	1253
1253	1264	1274
1257	1255	1275
1275	1249	1250
1255	97	1249
1249	1275	1255
1250	1274	1275
1275	1273	1257
1274	332	1273
1273	1275	1274
34	1239	1258
1258	1276	329
1239	324	1276
1276	1258	1239
329	1277	1254
1254	1278	97
1277	335	1278
1278	1254	1277
324	1233	1279
1279	1280	335
1233	95	1280
1280	1279	1233
335	1277	1279
1279	1276	324
1277	329	1276
1276	1279	1277
97	1281	1247
1247	1282	326
1281	336	1282
1282	1247	1281
326	1283	1244
1244	1208	33
1283	1205	1208
1208	1244	1283
336	1285	1284
1284	1204	1205
1285	93	1204
1204	1284	1285
1205	1283	1284
1284	1282	336
1283	326	1282
1282	1284	1283
95	1220	1286
1286	1287	337
1220	318	1287
1287	1286	1220
337	1289	1288
1288	1198	93
1289	313	1198
1198	1288	1289
318	1214	1290
1290	1195	313
1214	31	1195
1195	1290	1214
313	1289	1290
1290	1287	318
1289	337	1287
1287	1290	1289
93	1285	1288
1288	1291	337
1285	336	1291
1291	1288	1285
337	1292	1286
1286	1280	95
1292	335	1280
1280	1286	1292
336	1281	1293
1293	1278	335
1281	97	1278
1278	1293	1281
335	1292	1293
1293	1291	336
1292	337	1291
1291	1293	1292
36	1295	1294
1294	1296	338
1295	339	1296
1296	1294	1295
338	1298	1297
1297	1299	100
1298	340	1299
1299	1297	1298
339	1301	1300
1300	1302	340
1301	101	1302
1302	1300	1301
340	1298	1300
1300	1296	339
1298	338	1296
1296	1300	1298
100	1304	1303
1303	1305	341
1304	342	1305
1305	1303	1304
341	1307	1306
1306	1308	37
1307	343	1308
1308	1306	1307
342	1310	1309
1309	1311	343
1310	344	1311
1311	1309	1310
343	1307	1309
1309	1305	342
1307	341	1305
1305	1309	1307
101	1313	1312
1312	1314	345
1313	346	1314
1314	1312	1313
345	1316	1315
1315	1317	344
1316	347	1317
1317	1315	1316
346	1319	1318
1318	1320	347
1319	38	1320
1320	1318	1319
347	1316	1318
1318	1314	346
1316	345	1314
1314	1318	1316
344	1310	1315
1315	1321	345
1310	342	1321
1321	1315	1310
345	1322	1312
1312	1302	101
1322	340	1302
1302	1312	1322
342	1304	1323
1323	1299	340
1304	100	1299
1299	1323	1304
340	1322	1323
1323	1321	342
1322	345	1321
1321	1323	1322
37	1326	1324
1324	1327	1325
1326	349	1327
1327	1324	1326
1325	1329	1328
1328	1330	103
1329	1331	1330
1330	1328	1329
349	1333	1332
1332	1334	1331
1333	104	1334
1334	1332	1333
1331	1329	1332
1332	1327	349
1329	1325	1327
1327	1332	1329
103	1336	1335
1335	1337	351
1336	352	1337
1337	1335	1336
351	1339	1338
1338	1225	32
1339	320	1225
1225	1338	1339
352	1341	1340
1340	1222	320
1341	94	1222
1222	1340	1341
320	1339	1340
1340	1337	352
1339	351	1337
1337	1340	1339
104	1344	1342
1342	1345	1343
1344	354	1345
1345	1342	1344
1343	1347	1346
1346	1216	94
1347	1213	1216
1216	1346	1347
354	1349	1348
1348	1212	1213
1349	31	1212
1212	1348	1349
1213	1347	1348
1348	1345	354
1347	1343	1345
1345	1348	1347
94	1341	1346
1346	1350	1343
1341	352	1350
1350	1346	1341
1343	1351	1342
1342	1334	104
1351	1331	1334
1334	1342	1351
352	1336	1352
1352	1330	1331
1336	103	1330
1330	1352	1336
1331	1351	1352
1352	1350	352
1351	1343	1350
1350	1352	1351
38	1354	1353
1353	1355	355
1354	357	1355
1355	1353	1354
355	1357	1356
1356	1358	356
1357	358	1358
1358	1356	1357
357	1360	1359
1359	1361	358
1360	106	1361
1361	1359	1360
358	1357	1359
1359	1355	357
1357	355	1355
1355	1359	1357
356	1363	1362
1362	1364	359
1363	360	1364
1364	1362	1363
359	1366	1365
1365	1193	31
1366	311	1193
1193	1365	1366
360	1368	1367
1367	1189	311
1368	91	1189
1189	1367	1368
311	1366	1367
1367	1364	360
1366	359	1364
1364	1367	1366
106	1370	1369
1369	1371	361
1370	362	1371
1371	1369	1370
361	1373	1372
1372	1183	91
1373	308	1183
1183	1372	1373
362	1375	1374
1374	1180	308
1375	30	1180
1180	1374	1375
308	1373	1374
1374	1371	362
1373	361	1371
1371	1374	1373
91	1368	1372
1372	1376	361
1368	360	1376
1376	1372	1368
361	1377	1369
1369	1361	106
1377	358	1361
1361	1369	1377
360	1363	1378
1378	1358	358
1363	356	1358
1358	1378	1363
358	1377	1378
1378	1376	360
1377	361	1376
1376	1378	1377
31	1349	1365
1365	1379	359
1349	354	1379
1379	1365	1349
359	1380	1362
1362	1381	356
1380	363	1381
1381	1362	1380
354	1344	1382
1382	1383	363
1344	104	1383
1383	1382	1344
363	1380	1382
1382	1379	354
1380	359	1379
1379	1382	1380
356	1384	1356
1356	1385	355
1384	364	1385
1385	1356	1384
355	1386	1353
1353	1320	38
1386	347	1320
1320	1353	1386
364	1388	1387
1387	1317	347
1388	344	1317
1317	1387	1388
347	1386	1387
1387	1385	364
1386	355	1385
1385	1387	1386
104	1333	1389
1389	1390	365
1333	349	1390
1390	1389	1333
365	1392	1391
1391	1311	344
1392	343	1311
1311	1391	1392
349	1326	1393
1393	1308	343
1326	37	1308
1308	1393	1326
343	1392	1393
1393	1390	349
1392	365	1390
1390	1393	1392
344	1388	1391
1391	1394	365
1388	364	1394
1394	1391	1388
365	1395	1389
1389	1383	104
1395	363	1383
1383	1389	1395
364	1384	1396
1396	1381	363
1384	356	1381
1381	1396	1384
363	1395	1396
1396	1394	364
1395	365	1394
1394	1396	1395
39	1398	1397
1397	1399	366
1398	367	1399
1399	1397	1398
366	1401	1400
1400	1402	107
1401	368	1402
1402	1400	1401
367	1404	1403
1403	1405	368
1404	108	1405
1405	1403	1404
368	1401	1403
1403	1399	367
1401	366	1399
1399	1403	1401
107	1407	1406
1406	1408	369
1407	1409	1408
1408	1406	1407
369	1411	1410
1410	1412	40
1411	371	1412
1412	1410	1411
1409	1414	1413
1413	1415	371
1414	109	1415
1415	1413	1414
371	1411	1413
1413	1408	1409
1411	369	1408
1408	1413	1411
108	1418	1416
1416	1419	1417
1418	373	1419
1419	1416	1418
1417	1421	1420
1420	1422	109
1421	374	1422
1422	1420	1421
373	1424	1423
1423	1425	374
1424	41	1425
1425	1423	1424
374	1421	1423
1423	1419	373
1421	1417	1419
1419	1423	1421
109	1414	1420
1420	1426	1417
1414	1409	1426
1426	1420	1414
1417	1427	1416
1416	1405	108
1427	368	1405
1405	1416	1427
1409	1407	1428
1428	1402	368
1407	107	1402
1402	1428	1407
368	1427	1428
1428	1426	1409
1427	1417	1426
1426	1428	1427
40	1430	1429
1429	1431	375
1430	376	1431
1431	1429	1430
375	1433	1432
1432	1434	110
1433	1435	1434
1434	1432	1433
376	1437	1436
1436	1438	1435
1437	111	1438
1438	1436	1437
1435	1433	1436
1436	1431	376
1433	375	1431
1431	1436	1433
110	1440	1439
1439	1441	378
1440	379	1441
1441	1439	1440
378	1443	1442
1442	1338	32
1443	351	1338
1338	1442	1443
379	1445	1444
1444	1335	351
1445	103	1335
1335	1444	1445
351	1443	1444
1444	1441	379
1443	378	1441
1441	1444	1443
111	1447	1446
1446	1448	380
1447	381	1448
1448	1446	1447
380	1450	1449
1449	1328	103
1450	1325	1328
1328	1449	1450
381	1452	1451
1451	1324	1325
1452	37	1324
1324	1451	1452
1325	1450	1451
1451	1448	381
1450	380	1448
1448	1451	1450
103	1445	1449
1449	1453	380
1445	379	1453
1453	1449	1445
380	1454	1446
1446	1438	111
1454	1435	1438
1438	1446	1454
379	1440	1455
1455	1434	1435
1440	110	1434
1434	1455	1440
1435	1454	1455
1455	1453	379
1454	380	1453
1453	1455	1454
41	1458	1456
1456	1459	1457
1458	383	1459
1459	1456	1458
1457	1461	1460
1460	1462	112
1461	384	1462
1462	1460	1461
383	1464	1463
1463	1465	384
1464	113	1465
1465	1463	1464
384	1461	1463
1463	1459	383
1461	1457	1459
1459	1463	1461
112	1467	1466
1466	1468	385
1467	1469	1468
1468	1466	1467
385	1471	1470
1470	1306	37
1471	341	1306
1306	1470	1471
1469	1473	1472
1472	1303	341
1473	100	1303
1303	1472	1473
341	1471	1472
1472	1468	1469
1471	385	1468
1468	1472	1471
113	1475	1474
1474	1476	387
1475	388	1476
1476	1474	1475
387	1478	1477
1477	1297	100
1478	338	1297
1297	1477	1478
388	1480	1479
1479	1294	338
1480	36	1294
1294	1479	1480
338	1478	1479
1479	1476	388
1478	387	1476
1476	1479	1478
100	1473	1477
1477	1481	387
1473	1469	1481
1481	1477	1473
387	1482	1474
1474	1465	113
1482	384	1465
1465	1474	1482
1469	1467	1483
1483	1462	384
1467	112	1462
1462	1483	1467
384	1482	1483
1483	1481	1469
1482	387	1481
1481	1483	1482
37	1452	1470
1470	1484	385
1452	381	1484
1484	1470	1452
385	1485	1466
1466	1486	112
1485	389	1486
1486	1466	1485
381	1447	1487
1487	1488	389
1447	111	1488
1488	1487	1447
389	1485	1487
1487	1484	381
1485	385	1484
1484	1487	1485
112	1489	1460
1460	1490	1457
1489	390	1490
1490	1460	1489
1457	1491	1456
1456	1425	41
1491	374	1425
1425	1456	1491
390	1493	1492
1492	1422	374
1493	109	1422
1422	1492	1493
374	1491	1492
1492	1490	390
1491	1457	1490
1490	1492	1491
111	1437	1494
1494	1495	391
1437	376	1495
1495	1494	1437
391	1497	1496
1496	1415	109
1497	371	1415
1415	1496	1497
376	1430	1498
1498	1412	371
1430	40	1412
1412	1498	1430
371	1497	1498
1498	1495	376
1497	391	1495
1495	1498	1497
109	1493	1496
1496	1499	391
1493	390	1499
1499	1496	1493
391	1500	1494
1494	1488	111
1500	389	1488
1488	1494	1500
390	1489	1501
1501	1486	389
1489	112	1486
1486	1501	1489
389	1500	1501
1501	1499	390
1500	391	1499
1499	1501	1500
42	1503	1502
1502	1504	392
1503	393	1504
1504	1502	1503
392	1506	1505
1505	1507	114
1506	394	1507
1507	1505	1506
393	1509	1508
1508	1510	394
1509	115	1510
1510	1508	1509
394	1506	1508
1508	1504	393
1506	392	1504
1504	1508	1506
114	1512	1511
1511	1513	395
1512	396	1513
1513	1511	1512
395	1515	1514
1514	1516	43
1515	397	1516
1516	1514	1515
396	1518	1517
1517	1519	397
1518	116	1519
1519	1517	1518
397	1515	1517
1517	1513	396
1515	395	1513
1513	1517	1515
115	1521	1520
1520	1522	398
1521	399	1522
1522	1520	1521
398	1524	1523
1523	1525	116
1524	400	1525
1525	1523	1524
399	1527	1526
1526	1528	400
1527	44	1528
1528	1526	1527
400	1524	1526
1526	1522	399
1524	398	1522
1522	1526	1524
116	1518	1523
1523	1529	398
1518	396	1529
1529	1523	1518
398	1530	1520
1520	1510	115
1530	394	1510
1510	1520	1530
396	1512	1531
1531	1507	394
1512	114	1507
1507	1531	1512
394	1530	1531
1531	1529	396
1530	398	1529
1529	1531	1530
43	1533	1532
1532	1534	401
1533	402	1534
1534	1532	1533
401	1536	1535
1535	1537	117
1536	1538	1537
1537	1535	1536
402	1540	1539
1539	1541	1538
1540	118	1541
1541	1539	1540
1538	1536	1539
1539	1534	402
1536	401	1534
1534	1539	1536
117	1543	1542
1542	1544	404
1543	405	1544
1544	1542	1543
404	1546	1545
1545	1442	32
1546	378	1442
1442	1545	1546
405	1548	1547
1547	1439	378
1548	110	1439
1439	1547	1548
378	1546	1547
1547	1544	405
1546	404	1544
1544	1547	1546
118	1551	1549
1549	1552	1550
1551	407	1552
1552	1549	1551
1550	1554	1553
1553	1432	110
1554	375	1432
1432	1553	1554
407	1556	1555
1555	1429	375
1556	40	1429
1429	1555	1556
375	1554	1555
1555	1552	407
1554	1550	1552
1552	1555	1554
110	1548	1553
1553	1557	1550
1548	405	1557
1557	1553	1548
1550	1558	1549
1549	1541	118
1558	1538	1541
1541	1549	1558
405	1543	1559
1559	1537	1538
1543	117	1537
1537	1559	1543
1538	1558	1559
1559	1557	405
1558	1550	1557
1557	1559	1558
44	1561	1560
1560	1562	408
1561	409	1562
1562	1560	1561
408	1564	1563
1563	1565	119
1564	410	1565
1565	1563	1564
409	1567	1566
1566	1568	410
1567	120	1568
1568	1566	1567
410	1564	1566
1566	1562	409
1564	408	1562
1562	1566	1564
119	1570	1569
1569	1571	411
1570	1572	1571
1571	1569	1570
411	1574	1573
1573	1410	40
1574	369	1410
1410	1573	1574
1572	1576	1575
1575	1406	369
1576	107	1406
1406	1575	1576
369	1574	1575
1575	1571	1572
1574	411	1571
1571	1575	1574
120	1578	1577
1577	1579	413
1578	414	1579
1579	1577	1578
413	1581	1580
1580	1400	107
1581	366	1400
1400	1580	1581
414	1583	1582
1582	1397	366
1583	39	1397
1397	1582	1583
366	1581	1582
1582	1579	414
1581	413	1579
1579	1582	1581
107	1576	1580
1580	1584	413
1576	1572	1584
1584	1580	1576
413	1585	1577
1577	1568	120
1585	410	1568
1568	1577	1585
1572	1570	1586
1586	1565	410
1570	119	1565
1565	1586	1570
410	1585	1586
1586	1584	1572
1585	413	1584
1584	1586	1585
40	1556	1573
1573	1587	411
1556	407	1587
1587	1573	1556
411	1588	1569
1569	1589	119
1588	415	1589
1589	1569	1588
407	1551	1590
1590	1591	415
1551	118	1591
1591	1590	1551
415	1588	1590
1590	1587	407
1588	411	1587
1587	1590	1588
119	1592	1563
1563	1593	408
1592	416	1593
1593	1563	1592
408	1594	1560
1560	1528	44
1594	400	1528
1528	1560	1594
416	1596	1595
1595	1525	400
1596	116	1525
1525	1595	1596
400	1594	1595
1595	1593	416
1594	408	1593
1593	1595	1594
118	1540	1597
1597	1598	417
1540	402	1598
1598	1597	1540
417	1600	1599
1599	1519	116
1600	397	1519
1519	1599	1600
402	1533	1601
1601	1516	397
1533	43	1516
1516	1601	1533
397	1600	1601
1601	1598	402
1600	417	1598
1598	1601	1600
116	1596	1599
1599	1602	417
1596	416	1602
1602	1599	1596
417	1603	1597
1597	1591	118
1603	415	1591
1591	1597	1603
416	1592	1604
1604	1589	415
1592	119	1589
1589	1604	1592
415	1603	1604
1604	1602	416
1603	417	1602
1602	1604	1603
35	1605	1272
1272	1606	334
1605	418	1606
1606	1272	1605
334	1607	1269
1269	1608	99
1607	419	1608
1608	1269	1607
418	1610	1609
1609	1611	419
1610	121	1611
1611	1609	1610
419	1607	1609
1609	1606	418
1607	334	1606
1606	1609	1607
99	1612	1263
1263	1613	331
1612	1614	1613
1613	1263	1612
331	1615	1260
1260	1616	34
1615	421	1616
1616	1260	1615
1614	1618	1617
1617	1619	421
1618	122	1619
1619	1617	1618
421	1615	1617
1617	1613	1614
1615	331	1613
1613	1617	1615
121	1621	1620
1620	1622	422
1621	423	1622
1622	1620	1621
422	1624	1623
1623	1625	122
1624	424	1625
1625	1623	1624
423	1627	1626
1626	1628	424
1627	45	1628
1628	1626	1627
424	1624	1626
1626	1622	423
1624	422	1622
1622	1626	1624
122	1618	1623
1623	1629	422
1618	1614	1629
1629	1623	1618
422	1630	1620
1620	1611	121
1630	419	1611
1611	1620	1630
1614	1612	1631
1631	1608	419
1612	99	1608
1608	1631	1612
419	1630	1631
1631	1629	1614
1630	422	1629
1629	1631	1630
34	1632	1240
1240	1633	325
1632	425	1633
1633	1240	1632
325	1634	1237
1237	1635	96
1634	1636	1635
1635	1237	1634
425	1638	1637
1637	1639	1636
1638	123	1639
1639	1637	1638
1636	1634	1637
1637	1633	425
1634	325	1633
1633	1637	1634
96	1640	1230
1230	1641	322
1640	427	1641
1641	1230	1640
322	1642	1227
1227	1545	32
1642	404	1545
1545	1227	1642
427	1644	1643
1643	1542	404
1644	117	1542
1542	1643	1644
404	1642	1643
1643	1641	427
1642	322	1641
1641	1643	1642
123	1647	1645
1645	1648	1646
1647	429	1648
1648	1645	1647
1646	1650	1649
1649	1535	117
1650	401	1535
1535	1649	1650
429	1652	1651
1651	1532	401
1652	43	1532
1532	1651	1652
401	1650	1651
1651	1648	429
1650	1646	1648
1648	1651	1650
117	1644	1649
1649	1653	1646
1644	427	1653
1653	1649	1644
1646	1654	1645
1645	1639	123
1654	1636	1639
1639	1645	1654
427	1640	1655
1655	1635	1636
1640	96	1635
1635	1655	1640
1636	1654	1655
1655	1653	427
1654	1646	1653
1653	1655	1654
45	1657	1656
1656	1658	430
1657	431	1658
1658	1656	1657
430	1660	1659
1659	1661	124
1660	432	1661
1661	1659	1660
431	1663	1662
1662	1664	432
1663	125	1664
1664	1662	1663
432	1660	1662
1662	1658	431
1660	430	1658
1658	1662	1660
124	1666	1665
1665	1667	433
1666	434	1667
1667	1665	1666
433	1669	1668
1668	1514	43
1669	395	1514
1514	1668	1669
434	1671	1670
1670	1511	395
1671	114	1511
1511	1670	1671
395	1669	1670
1670	1667	434
1669	433	1667
1667	1670	1669
125	1673	1672
1672	1674	435
1673	436	1674
1674	1672	1673
435	1676	1675
1675	1505	114
1676	392	1505
1505	1675	1676
436	1678	1677
1677	1502	392
1678	42	1502
1502	1677	1678
392	1676	1677
1677	1674	436
1676	435	1674
1674	1677	1676
114	1671	1675
1675	1679	435
1671	434	1679
1679	1675	1671
435	1680	1672
1672	1664	125
1680	432	1664
1664	1672	1680
434	1666	1681
1681	1661	432
1666	124	1661
1661	1681	1666
432	1680	1681
1681	1679	434
1680	435	1679
1679	1681	1680
43	1652	1668
1668	1682	433
1652	429	1682
1682	1668	1652
433	1683	1665
1665	1684	124
1683	437	1684
1684	1665	1683
429	1647	1685
1685	1686	437
1647	123	1686
1686	1685	1647
437	1683	1685
1685	1682	429
1683	433	1682
1682	1685	1683
124	1687	1659
1659	1688	430
1687	438	1688
1688	1659	1687
430	1689	1656
1656	1628	45
1689	424	1628
1628	1656	1689
438	1691	1690
1690	1625	424
1691	122	1625
1625	1690	1691
424	1689	1690
1690	1688	438
1689	430	1688
1688	1690	1689
123	1638	1692
1692	1693	439
1638	425	1693
1693	1692	1638
439	1695	1694
1694	1619	122
1695	421	1619
1619	1694	1695
425	1632	1696
1696	1616	421
1632	34	1616
1616	1696	1632
421	1695	1696
1696	1693	425
1695	439	1693
1693	1696	1695
122	1691	1694
1694	1697	439
1691	438	1697
1697	1694	1691
439	1698	1692
1692	1686	123
1698	437	1686
1686	1692	1698
438	1687	1699
1699	1684	437
1687	124	1684
1684	1699	1687
437	1698	1699
1699	1697	438
1698	439	1697
1697	1699	1698
19	1700	752
752	1701	202
1700	440	1701
1701	752	1700
202	1702	749
749	1703	64
1702	441	1703
1703	749	1702
440	1705	1704
1704	1706	441
1705	126	1706
1706	1704	1705
441	1702	1704
1704	1701	440
1702	202	1701
1701	1704	1702
64	1707	743
743	1708	199
1707	442	1708
1708	743	1707
199	1709	740
740	1710	18
1709	443	1710
1710	740	1709
442	1712	1711
1711	1713	443
1712	127	1713
1713	1711	1712
443	1709	1711
1711	1708	442
1709	199	1708
1708	1711	1709
126	1715	1714
1714	1716	444
1715	445	1716
1716	1714	1715
444	1718	1717
1717	1719	127
1718	446	1719
1719	1717	1718
445	1721	1720
1720	1722	446
1721	46	1722
1722	1720	1721
446	1718	1720
1720	1716	445
1718	444	1716
1716	1720	1718
127	1712	1717
1717	1723	444
1712	442	1723
1723	1717	1712
444	1724	1714
1714	1706	126
1724	441	1706
1706	1714	1724
442	1707	1725
1725	1703	441
1707	64	1703
1703	1725	1707
441	1724	1725
1725	1723	442
1724	444	1723
1723	1725	1724
18	1726	720
720	1727	193
1726	1728	1727
1727	720	1726
193	1729	717
717	1730	61
1729	448	1730
1730	717	1729
1728	1732	1731
1731	1733	448
1732	128	1733
1733	1731	1732
448	1729	1731
1731	1727	1728
1729	193	1727
1727	1731	1729
61	1734	710
710	1735	190
1734	449	1735
1735	710	1734
190	1736	707
707	1737	16
1736	450	1737
1737	707	1736
449	1739	1738
1738	1740	450
1739	129	1740
1740	1738	1739
450	1736	1738
1738	1735	449
1736	190	1735
1735	1738	1736
128	1742	1741
1741	1743	451
1742	452	1743
1743	1741	1742
451	1745	1744
1744	1746	129
1745	1747	1746
1746	1744	1745
452	1749	1748
1748	1750	1747
1749	47	1750
1750	1748	1749
1747	1745	1748
1748	1743	452
1745	451	1743
1743	1748	1745
129	1739	1744
1744	1751	451
1739	449	1751
1751	1744	1739
451	1752	1741
1741	1733	128
1752	448	1733
1733	1741	1752
449	1734	1753
1753	1730	448
1734	61	1730
1730	1753	1734
448	1752	1753
1753	1751	449
1752	451	1751
1751	1753	1752
46	1755	1754
1754	1756	454
1755	455	1756
1756	1754	1755
454	1758	1757
1757	1759	130
1758	1760	1759
1759	1757	1758
455	1762	1761
1761	1763	1760
1762	131	1763
1763	1761	1762
1760	1758	1761
1761	1756	455
1758	454	1756
1756	1761	1758
130	1765	1764
1764	1766	457
1765	458	1766
1766	1764	1765
457	1768	1767
1767	1769	47
1768	459	1769
1769	1767	1768
458	1771	1770
1770	1772	459
1771	132	1772
1772	1770	1771
459	1768	1770
1770	1766	458
1768	457	1766
1766	1770	1768
131	1774	1773
1773	1775	460
1774	461	1775
1775	1773	1774
460	1777	1776
1776	1778	132
1777	462	1778
1778	1776	1777
461	1780	1779
1779	1781	462
1780	39	1781
1781	1779	1780
462	1777	1779
1779	1775	461
1777	460	1775
1775	1779	1777
132	1771	1776
1776	1782	460
1771	458	1782
1782	1776	1771
460	1783	1773
1773	1763	131
1783	1760	1763
1763	1773	1783
458	1765	1784
1784	1759	1760
1765	130	1759
1759	1784	1765
1760	1783	1784
1784	1782	458
1783	460	1782
1782	1784	1783
47	1749	1767
1767	1785	457
1749	452	1785
1785	1767	1749
457	1786	1764
1764	1787	130
1786	463	1787
1787	1764	1786
452	1742	1788
1788	1789	463
1742	128	1789
1789	1788	1742
463	1786	1788
1788	1785	452
1786	457	1785
1785	1788	1786
130	1790	1757
1757	1791	454
1790	464	1791
1791	1757	1790
454	1792	1754
1754	1722	46
1792	446	1722
1722	1754	1792
464	1794	1793
1793	1719	446
1794	127	1719
1719	1793	1794
446	1792	1793
1793	1791	464
1792	454	1791
1791	1793	1792
128	1732	1795
1795	1796	465
1732	1728	1796
1796	1795	1732
465	1798	1797
1797	1713	127
1798	443	1713
1713	1797	1798
1728	1726	1799
1799	1710	443
1726	18	1710
1710	1799	1726
443	1798	1799
1799	1796	1728
1798	465	1796
1796	1799	1798
127	1794	1797
1797	1800	465
1794	464	1800
1800	1797	1794
465	1801	1795
1795	1789	128
1801	463	1789
1789	1795	1801
464	1790	1802
1802	1787	463
1790	130	1787
1787	1802	1790
463	1801	1802
1802	1800	464
1801	465	1800
1800	1802	1801
16	1803	855
855	1804	230
1803	466	1804
1804	855	1803
230	1805	853
853	1806	71
1805	1807	1806
1806	853	1805
466	1809	1808
1808	1810	1807
1809	133	1810
1810	1808	1809
1807	1805	1808
1808	1804	466
1805	230	1804
1804	1808	1805
71	1811	848
848	1812	228
1811	468	1812
1812	848	1811
228	1813	845
845	1814	22
1813	469	1814
1814	845	1813
468	1816	1815
1815	1817	469
1816	134	1817
1817	1815	1816
469	1813	1815
1815	1812	468
1813	228	1812
1812	1815	1813
133	1819	1818
1818	1820	470
1819	471	1820
1820	1818	1819
470	1822	1821
1821	1823	134
1822	472	1823
1823	1821	1822
471	1825	1824
1824	1826	472
1825	48	1826
1826	1824	1825
472	1822	1824
1824	1820	471
1822	470	1820
1820	1824	1822
134	1816	1821
1821	1827	470
1816	468	1827
1827	1821	1816
470	1828	1818
1818	1810	133
1828	1807	1810
1810	1818	1828
468	1811	1829
1829	1806	1807
1811	71	1806
1806	1829	1811
1807	1828	1829
1829	1827	468
1828	470	1827
1827	1829	1828
22	1830	829
829	1831	222
1830	473	1831
1831	829	1830
222	1832	826
826	1833	69
1832	474	1833
1833	826	1832
473	1835	1834
1834	1836	474
1835	135	1836
1836	1834	1835
474	1832	1834
1834	1831	473
1832	222	1831
1831	1834	1832
69	1837	820
820	1838	219
1837	1839	1838
1838	820	1837
219	1840	817
817	1841	21
1840	476	1841
1841	817	1840
1839	1843	1842
1842	1844	476
1843	136	1844
1844	1842	1843
476	1840	1842
1842	1838	1839
1840	219	1838
1838	1842	1840
135	1846	1845
1845	1847	477
1846	478	1847
1847	1845	1846
477	1849	1848
1848	1850	136
1849	479	1850
1850	1848	1849
478	1852	1851
1851	1853	479
1852	49	1853
1853	1851	1852
479	1849	1851
1851	1847	478
1849	477	1847
1847	1851	1849
136	1843	1848
1848	1854	477
1843	1839	1854
1854	1848	1843
477	1855	1845
1845	1836	135
1855	474	1836
1836	1845	1855
1839	1837	1856
1856	1833	474
1837	69	1833
1833	1856	1837
474	1855	1856
1856	1854	1839
1855	477	1854
1854	1856	1855
48	1858	1857
1857	1859	480
1858	481	1859
1859	1857	1858
480	1861	1860
1860	1862	137
1861	1863	1862
1862	1860	1861
481	1865	1864
1864	1866	1863
1865	138	1866
1866	1864	1865
1863	1861	1864
1864	1859	481
1861	480	1859
1859	1864	1861
137	1868	1867
1867	1869	483
1868	1870	1869
1869	1867	1868
483	1872	1871
1871	1873	49
1872	485	1873
1873	1871	1872
1870	1875	1874
1874	1876	485
1875	139	1876
1876	1874	1875
485	1872	1874
1874	1869	1870
1872	483	1869
1869	1874	1872
138	1878	1877
1877	1879	486
1878	487	1879
1879	1877	1878
486	1881	1880
1880	1882	139
1881	488	1882
1882	1880	1881
487	1884	1883
1883	1885	488
1884	42	1885
1885	1883	1884
488	1881	1883
1883	1879	487
1881	486	1879
1879	1883	1881
139	1875	1880
1880	1886	486
1875	1870	1886
1886	1880	1875
486	1887	1877
1877	1866	138
1887	1863	1866
1866	1877	1887
1870	1868	1888
1888	1862	1863
1868	137	1862
1862	1888	1868
1863	1887	1888
1888	1886	1870
1887	486	1886
1886	1888	1887
49	1852	1871
1871	1889	483
1852	478	1889
1889	1871	1852
483	1890	1867
1867	1891	137
1890	489	1891
1891	1867	1890
478	1846	1892
1892	1893	489
1846	135	1893
1893	1892	1846
489	1890	1892
1892	1889	478
1890	483	1889
1889	1892	1890
137	1894	1860
1860	1895	480
1894	490	1895
1895	1860	1894
480	1896	1857
1857	1826	48
1896	472	1826
1826	1857	1896
490	1898	1897
1897	1823	472
1898	134	1823
1823	1897	1898
472	1896	1897
1897	1895	490
1896	480	1895
1895	1897	1896
135	1835	1899
1899	1900	491
1835	473	1900
1900	1899	1835
491	1902	1901
1901	1817	134
1902	469	1817
1817	1901	1902
473	1830	1903
1903	1814	469
1830	22	1814
1814	1903	1830
469	1902	1903
1903	1900	473
1902	491	1900
1900	1903	1902
134	1898	1901
1901	1904	491
1898	490	1904
1904	1901	1898
491	1905	1899
1899	1893	135
1905	489	1893
1893	1899	1905
490	1894	1906
1906	1891	489
1894	137	1891
1891	1906	1894
489	1905	1906
1906	1904	490
1905	491	1904
1904	1906	1905
21	1907	960
960	1908	256
1907	492	1908
1908	960	1907
256	1909	958
958	1910	78
1909	493	1910
1910	958	1909
492	1912	1911
1911	1913	493
1912	140	1913
1913	1911	1912
493	1909	1911
1911	1908	492
1909	256	1908
1908	1911	1909
78	1914	953
953	1915	254
1914	494	1915
1915	953	1914
254	1916	950
950	1917	25
1916	1918	1917
1917	950	1916
494	1920	1919
1919	1921	1918
1920	141	1921
1921	1919	1920
1918	1916	1919
1919	1915	494
1916	254	1915
1915	1919	1916
140	1923	1922
1922	1924	496
1923	1925	1924
1924	1922	1923
496	1927	1926
1926	1928	141
1927	498	1928
1928	1926	1927
1925	1930	1929
1929	1931	498
1930	50	1931
1931	1929	1930
498	1927	1929
1929	1924	1925
1927	496	1924
1924	1929	1927
141	1920	1926
1926	1932	496
1920	494	1932
1932	1926	1920
496	1933	1922
1922	1913	140
1933	493	1913
1913	1922	1933
494	1914	1934
1934	1910	493
1914	78	1910
1910	1934	1914
493	1933	1934
1934	1932	494
1933	496	1932
1932	1934	1933
25	1935	932
932	1936	249
1935	499	1936
1936	932	1935
249	1937	929
929	1938	76
1937	500	1938
1938	929	1937
499	1940	1939
1939	1941	500
1940	142	1941
1941	1939	1940
500	1937	1939
1939	1936	499
1937	249	1936
1936	1939	1937
76	1942	922
922	1943	246
1942	501	1943
1943	922	1942
246	1944	919
919	1945	24
1944	502	1945
1945	919	1944
501	1947	1946
1946	1948	502
1947	143	1948
1948	1946	1947
502	1944	1946
1946	1943	501
1944	246	1943
1943	1946	1944
142	1950	1949
1949	1951	503
1950	504	1951
1951	1949	1950
503	1953	1952
1952	1954	143
1953	505	1954
1954	1952	1953
504	1956	1955
1955	1957	505
1956	51	1957
1957	1955	1956
505	1953	1955
1955	1951	504
1953	503	1951
1951	1955	1953
143	1947	1952
1952	1958	503
1947	501	1958
1958	1952	1947
503	1959	1949
1949	1941	142
1959	500	1941
1941	1949	1959
501	1942	1960
1960	1938	500
1942	76	1938
1938	1960	1942
500	1959	1960
1960	1958	501
1959	503	1958
1958	1960	1959
50	1962	1961
1961	1963	506
1962	507	1963
1963	1961	1962
506	1965	1964
1964	1966	144
1965	508	1966
1966	1964	1965
507	1968	1967
1967	1969	508
1968	145	1969
1969	1967	1968
508	1965	1967
1967	1963	507
1965	506	1963
1963	1967	1965
144	1971	1970
1970	1972	509
1971	1973	1972
1972	1970	1971
509	1975	1974
1974	1976	51
1975	511	1976
1976	1974	1975
1973	1978	1977
1977	1979	511
1978	146	1979
1979	1977	1978
511	1975	1977
1977	1972	1973
1975	509	1972
1972	1977	1975
145	1981	1980
1980	1982	512
1981	513	1982
1982	1980	1981
512	1984	1983
1983	1985	146
1984	514	1985
1985	1983	1984
513	1987	1986
1986	1988	514
1987	35	1988
1988	1986	1987
514	1984	1986
1986	1982	513
1984	512	1982
1982	1986	1984
146	1978	1983
1983	1989	512
1978	1973	1989
1989	1983	1978
512	1990	1980
1980	1969	145
1990	508	1969
1969	1980	1990
1973	1971	1991
1991	1966	508
1971	144	1966
1966	1991	1971
508	1990	1991
1991	1989	1973
1990	512	1989
1989	1991	1990
51	1956	1974
1974	1992	509
1956	504	1992
1992	1974	1956
509	1993	1970
1970	1994	144
1993	515	1994
1994	1970	1993
504	1950	1995
1995	1996	515
1950	142	1996
1996	1995	1950
515	1993	1995
1995	1992	504
1993	509	1992
1992	1995	1993
144	1997	1964
1964	1998	506
1997	516	1998
1998	1964	1997
506	1999	1961
1961	1931	50
1999	498	1931
1931	1961	1999
516	2001	2000
2000	1928	498
2001	141	1928
1928	2000	2001
498	1999	2000
2000	1998	516
1999	506	1998
1998	2000	1999
142	1940	2002
2002	2003	517
1940	499	2003
2003	2002	1940
517	2005	2004
2004	1921	141
2005	1918	1921
1921	2004	2005
499	1935	2006
2006	1917	1918
1935	25	1917
1917	2006	1935
1918	2005	2006
2006	2003	499
2005	517	2003
2003	2006	2005
141	2001	2004
2004	2007	517
2001	516	2007
2007	2004	2001
517	2008	2002
2002	1996	142
2008	515	1996
1996	2002	2008
516	1997	2009
2009	1994	515
1997	144	1994
1994	2009	1997
515	2008	2009
2009	2007	516
2008	517	2007
2007	2009	2008
24	2010	1063
1063	2011	282
2010	518	2011
2011	1063	2010
282	2012	1061
1061	2013	85
2012	519	2013
2013	1061	2012
518	2015	2014
2014	2016	519
2015	147	2016
2016	2014	2015
519	2012	2014
2014	2011	518
2012	282	2011
2011	2014	2012
85	2017	1056
1056	2018	280
2017	520	2018
2018	1056	2017
280	2019	1053
1053	2020	28
2019	2021	2020
2020	1053	2019
520	2023	2022
2022	2024	2021
2023	148	2024
2024	2022	2023
2021	2019	2022
2022	2018	520
2019	280	2018
2018	2022	2019
147	2026	2025
2025	2027	522
2026	523	2027
2027	2025	2026
522	2029	2028
2028	2030	148
2029	524	2030
2030	2028	2029
523	2032	2031
2031	2033	524
2032	52	2033
2033	2031	2032
524	2029	2031
2031	2027	523
2029	522	2027
2027	2031	2029
148	2023	2028
2028	2034	522
2023	520	2034
2034	2028	2023
522	2035	2025
2025	2016	147
2035	519	2016
2016	2025	2035
520	2017	2036
2036	2013	519
2017	85	2013
2013	2036	2017
519	2035	2036
2036	2034	520
2035	522	2034
2034	2036	2035
28	2037	1036
1036	2038	275
2037	525	2038
2038	1036	2037
275	2039	1033
1033	2040	83
2039	526	2040
2040	1033	2039
525	2042	2041
2041	2043	526
2042	149	2043
2043	2041	2042
526	2039	2041
2041	2038	525
2039	275	2038
2038	2041	2039
83	2044	1027
1027	2045	272
2044	527	2045
2045	1027	2044
272	2046	1024
1024	2047	27
2046	528	2047
2047	1024	2046
527	2049	2048
2048	2050	528
2049	150	2050
2050	2048	2049
528	2046	2048
2048	2045	527
2046	272	2045
2045	2048	2046
149	2052	2051
2051	2053	529
2052	2054	2053
2053	2051	2052
529	2056	2055
2055	2057	150
2056	531	2057
2057	2055	2056
2054	2059	2058
2058	2060	531
2059	53	2060
2060	2058	2059
531	2056	2058
2058	2053	2054
2056	529	2053
2053	2058	2056
150	2049	2055
2055	2061	529
2049	527	2061
2061	2055	2049
529	2062	2051
2051	2043	149
2062	526	2043
2043	2051	2062
527	2044	2063
2063	2040	526
2044	83	2040
2040	2063	2044
526	2062	2063
2063	2061	527
2062	529	2061
2061	2063	2062
52	2066	2064
2064	2067	2065
2066	2068	2067
2067	2064	2066
2065	2070	2069
2069	2071	151
2070	534	2071
2071	2069	2070
2068	2073	2072
2072	2074	534
2073	152	2074
2074	2072	2073
534	2070	2072
2072	2067	2068
2070	2065	2067
2067	2072	2070
151	2076	2075
2075	2077	535
2076	536	2077
2077	2075	2076
535	2079	2078
2078	2080	53
2079	537	2080
2080	2078	2079
536	2082	2081
2081	2083	537
2082	153	2083
2083	2081	2082
537	2079	2081
2081	2077	536
2079	535	2077
2077	2081	2079
152	2085	2084
2084	2086	538
2085	539	2086
2086	2084	2085
538	2088	2087
2087	2089	153
2088	540	2089
2089	2087	2088
539	2091	2090
2090	2092	540
2091	30	2092
2092	2090	2091
540	2088	2090
2090	2086	539
2088	538	2086
2086	2090	2088
153	2082	2087
2087	2093	538
2082	536	2093
2093	2087	2082
538	2094	2084
2084	2074	152
2094	534	2074
2074	2084	2094
536	2076	2095
2095	2071	534
2076	151	2071
2071	2095	2076
534	2094	2095
2095	2093	536
2094	538	2093
2093	2095	2094
53	2059	2078
2078	2096	535
2059	2054	2096
2096	2078	2059
535	2097	2075
2075	2098	151
2097	541	2098
2098	2075	2097
2054	2052	2099
2099	2100	541
2052	149	2100
2100	2099	2052
541	2097	2099
2099	2096	2054
2097	535	2096
2096	2099	2097
151	2101	2069
2069	2102	2065
2101	2103	2102
2102	2069	2101
2065	2104	2064
2064	2033	52
2104	524	2033
2033	2064	2104
2103	2106	2105
2105	2030	524
2106	148	2030
2030	2105	2106
524	2104	2105
2105	2102	2103
2104	2065	2102
2102	2105	2104
149	2042	2107
2107	2108	543
2042	525	2108
2108	2107	2042
543	2110	2109
2109	2024	148
2110	2021	2024
2024	2109	2110
525	2037	2111
2111	2020	2021
2037	28	2020
2020	2111	2037
2021	2110	2111
2111	2108	525
2110	543	2108
2108	2111	2110
148	2106	2109
2109	2112	543
2106	2103	2112
2112	2109	2106
543	2113	2107
2107	2100	149
2113	541	2100
2100	2107	2113
2103	2101	2114
2114	2098	541
2101	151	2098
2098	2114	2101
541	2113	2114
2114	2112	2103
2113	543	2112
2112	2114	2113
27	2115	1158
1158	2116	304
2115	544	2116
2116	1158	2115
304	2117	1156
1156	2118	90
2117	545	2118
2118	1156	2117
544	2120	2119
2119	2121	545
2120	154	2121
2121	2119	2120
545	2117	2119
2119	2116	544
2117	304	2116
2116	2119	2117
90	2122	1151
1151	2123	302
2122	546	2123
2123	1151	2122
302	2124	1148
1148	2125	29
2124	547	2125
2125	1148	2124
546	2127	2126
2126	2128	547
2127	155	2128
2128	2126	2127
547	2124	2126
2126	2123	546
2124	302	2123
2123	2126	2124
154	2130	2129
2129	2131	548
2130	549	2131
2131	2129	2130
548	2133	2132
2132	2134	155
2133	2135	2134
2134	2132	2133
549	2137	2136
2136	2138	2135
2137	54	2138
2138	2136	2137
2135	2133	2136
2136	2131	549
2133	548	2131
2131	2136	2133
155	2127	2132
2132	2139	548
2127	546	2139
2139	2132	2127
548	2140	2129
2129	2121	154
2140	545	2121
2121	2129	2140
546	2122	2141
2141	2118	545
2122	90	2118
2118	2141	2122
545	2140	2141
2141	2139	546
2140	548	2139
2139	2141	2140
29	2142	1132
1132	2143	297
2142	2144	2143
2143	1132	2142
297	2145	1129
1129	2146	88
2145	552	2146
2146	1129	2145
2144	2148	2147
2147	2149	552
2148	156	2149
2149	2147	2148
552	2145	2147
2147	2143	2144
2145	297	2143
2143	2147	2145
88	2150	1123
1123	2151	294
2150	553	2151
2151	1123	2150
294	2152	1120
1120	2153	19
2152	554	2153
2153	1120	2152
553	2155	2154
2154	2156	554
2155	157	2156
2156	2154	2155
554	2152	2154
2154	2151	553
2152	294	2151
2151	2154	2152
156	2158	2157
2157	2159	555
2158	556	2159
2159	2157	2158
555	2161	2160
2160	2162	157
2161	557	2162
2162	2160	2161
556	2164	2163
2163	2165	557
2164	55	2165
2165	2163	2164
557	2161	2163
2163	2159	556
2161	555	2159
2159	2163	2161
157	2155	2160
2160	2166	555
2155	553	2166
2166	2160	2155
555	2167	2157
2157	2149	156
2167	552	2149
2149	2157	2167
553	2150	2168
2168	2146	552
2150	88	2146
2146	2168	2150
552	2167	2168
2168	2166	553
2167	555	2166
2166	2168	2167
54	2170	2169
2169	2171	558
2170	559	2171
2171	2169	2170
558	2173	2172
2172	2174	158
2173	560	2174
2174	2172	2173
559	2176	2175
2175	2177	560
2176	159	2177
2177	2175	2176
560	2173	2175
2175	2171	559
2173	558	2171
2171	2175	2173
158	2180	2178
2178	2181	2179
2180	562	2181
2181	2178	2180
2179	2183	2182
2182	2184	55
2183	2185	2184
2184	2182	2183
562	2187	2186
2186	2188	2185
2187	160	2188
2188	2186	2187
2185	2183	2186
2186	2181	562
2183	2179	2181
2181	2186	2183
159	2190	2189
2189	2191	564
2190	565	2191
2191	2189	2190
564	2193	2192
2192	2194	160
2193	566	2194
2194	2192	2193
565	2196	2195
2195	2197	566
2196	36	2197
2197	2195	2196
566	2193	2195
2195	2191	565
2193	564	2191
2191	2195	2193
160	2187	2192
2192	2198	564
2187	562	2198
2198	2192	2187
564	2199	2189
2189	2177	159
2199	560	2177
2177	2189	2199
562	2180	2200
2200	2174	560
2180	158	2174
2174	2200	2180
560	2199	2200
2200	2198	562
2199	564	2198
2198	2200	2199
55	2164	2182
2182	2201	2179
2164	556	2201
2201	2182	2164
2179	2202	2178
2178	2203	158
2202	2204	2203
2203	2178	2202
556	2158	2205
2205	2206	2204
2158	156	2206
2206	2205	2158
2204	2202	2205
2205	2201	556
2202	2179	2201
2201	2205	2202
158	2207	2172
2172	2208	558
2207	568	2208
2208	2172	2207
558	2209	2169
2169	2138	54
2209	2135	2138
2138	2169	2209
568	2211	2210
2210	2134	2135
2211	155	2134
2134	2210	2211
2135	2209	2210
2210	2208	568
2209	558	2208
2208	2210	2209
156	2148	2212
2212	2213	569
2148	2144	2213
2213	2212	2148
569	2215	2214
2214	2128	155
2215	547	2128
2128	2214	2215
2144	2142	2216
2216	2125	547
2142	29	2125
2125	2216	2142
547	2215	2216
2216	2213	2144
2215	569	2213
2213	2216	2215
155	2211	2214
2214	2217	569
2211	568	2217
2217	2214	2211
569	2218	2212
2212	2206	156
2218	2204	2206
2206	2212	2218
568	2207	2219
2219	2203	2204
2207	158	2203
2203	2219	2207
2204	2218	2219
2219	2217	568
2218	569	2217
2217	2219	2218
30	2091	1181
1181	2220	309
2091	539	2220
2220	1181	2091
309	2221	1187
1187	2222	92
2221	570	2222
2222	1187	2221
539	2085	2223
2223	2224	570
2085	152	2224
2224	2223	2085
570	2221	2223
2223	2220	539
2221	309	2220
2220	2223	2221
92	2225	1200
1200	2226	315
2225	571	2226
2226	1200	2225
315	2227	1207
1207	2228	33
2227	2229	2228
2228	1207	2227
571	2231	2230
2230	2232	2229
2231	161	2232
2232	2230	2231
2229	2227	2230
2230	2226	571
2227	315	2226
2226	2230	2227
152	2073	2233
2233	2234	573
2073	2068	2234
2234	2233	2073
573	2236	2235
2235	2237	161
2236	574	2237
2237	2235	2236
2068	2066	2238
2238	2239	574
2066	52	2239
2239	2238	2066
574	2236	2238
2238	2234	2068
2236	573	2234
2234	2238	2236
161	2231	2235
2235	2240	573
2231	571	2240
2240	2235	2231
573	2241	2233
2233	2224	152
2241	570	2224
2224	2233	2241
571	2225	2242
2242	2222	570
2225	92	2222
2222	2242	2225
570	2241	2242
2242	2240	571
2241	573	2240
2240	2242	2241
33	2243	1245
1245	2244	327
2243	575	2244
2244	1245	2243
327	2245	1252
1252	2246	98
2245	576	2246
2246	1252	2245
575	2248	2247
2247	2249	576
2248	162	2249
2249	2247	2248
576	2245	2247
2247	2244	575
2245	327	2244
2244	2247	2245
98	2250	1265
1265	2251	333
2250	577	2251
2251	1265	2250
333	2252	1271
1271	1988	35
2252	514	1988
1988	1271	2252
577	2254	2253
2253	1985	514
2254	146	1985
1985	2253	2254
514	2252	2253
2253	2251	577
2252	333	2251
2251	2253	2252
162	2256	2255
2255	2257	578
2256	579	2257
2257	2255	2256
578	2259	2258
2258	1979	146
2259	511	1979
1979	2258	2259
579	2261	2260
2260	1976	511
2261	51	1976
1976	2260	2261
511	2259	2260
2260	2257	579
2259	578	2257
2257	2260	2259
146	2254	2258
2258	2262	578
2254	577	2262
2262	2258	2254
578	2263	2255
2255	2249	162
2263	576	2249
2249	2255	2263
577	2250	2264
2264	2246	576
2250	98	2246
2246	2264	2250
576	2263	2264
2264	2262	577
2263	578	2262
2262	2264	2263
52	2032	2265
2265	2266	580
2032	523	2266
2266	2265	2032
580	2268	2267
2267	2269	163
2268	581	2269
2269	2267	2268
523	2026	2270
2270	2271	581
2026	147	2271
2271	2270	2026
581	2268	2270
2270	2266	523
2268	580	2266
2266	2270	2268
163	2273	2272
2272	2274	582
2273	2275	2274
2274	2272	2273
582	2277	2276
2276	1957	51
2277	505	1957
1957	2276	2277
2275	2279	2278
2278	1954	505
2279	143	1954
1954	2278	2279
505	2277	2278
2278	2274	2275
2277	582	2274
2274	2278	2277
147	2015	2280
2280	2281	584
2015	518	2281
2281	2280	2015
584	2283	2282
2282	1948	143
2283	502	1948
1948	2282	2283
518	2010	2284
2284	1945	502
2010	24	1945
1945	2284	2010
502	2283	2284
2284	2281	518
2283	584	2281
2281	2284	2283
143	2279	2282
2282	2285	584
2279	2275	2285
2285	2282	2279
584	2286	2280
2280	2271	147
2286	581	2271
2271	2280	2286
2275	2273	2287
2287	2269	581
2273	163	2269
2269	2287	2273
581	2286	2287
2287	2285	2275
2286	584	2285
2285	2287	2286
51	2261	2276
2276	2288	582
2261	579	2288
2288	2276	2261
582	2289	2272
2272	2290	163
2289	585	2290
2290	2272	2289
579	2256	2291
2291	2292	585
2256	162	2292
2292	2291	2256
585	2289	2291
2291	2288	579
2289	582	2288
2288	2291	2289
163	2293	2267
2267	2294	580
2293	586	2294
2294	2267	2293
580	2295	2265
2265	2239	52
2295	574	2239
2239	2265	2295
586	2297	2296
2296	2237	574
2297	161	2237
2237	2296	2297
574	2295	2296
2296	2294	586
2295	580	2294
2294	2296	2295
162	2248	2298
2298	2299	587
2248	575	2299
2299	2298	2248
587	2301	2300
2300	2232	161
2301	2229	2232
2232	2300	2301
575	2243	2302
2302	2228	2229
2243	33	2228
2228	2302	2243
2229	2301	2302
2302	2299	575
2301	587	2299
2299	2302	2301
161	2297	2300
2300	2303	587
2297	586	2303
2303	2300	2297
587	2304	2298
2298	2292	162
2304	585	2292
2292	2298	2304
586	2293	2305
2305	2290	585
2293	163	2290
2290	2305	2293
585	2304	2305
2305	2303	586
2304	587	2303
2303	2305	2304
36	2196	1295
1295	2306	339
2196	565	2306
2306	1295	2196
339	2307	1301
1301	2308	101
2307	2309	2308
2308	1301	2307
565	2190	2310
2310	2311	2309
2190	159	2311
2311	2310	2190
2309	2307	2310
2310	2306	565
2307	339	2306
2306	2310	2307
101	2312	1313
1313	2313	346
2312	589	2313
2313	1313	2312
346	2314	1319
1319	2315	38
2314	590	2315
2315	1319	2314
589	2317	2316
2316	2318	590
2317	164	2318
2318	2316	2317
590	2314	2316
2316	2313	589
2314	346	2313
2313	2316	2314
159	2176	2319
2319	2320	591
2176	559	2320
2320	2319	2176
591	2322	2321
2321	2323	164
2322	592	2323
2323	2321	2322
559	2170	2324
2324	2325	592
2170	54	2325
2325	2324	2170
592	2322	2324
2324	2320	559
2322	591	2320
2320	2324	2322
164	2317	2321
2321	2326	591
2317	589	2326
2326	2321	2317
591	2327	2319
2319	2311	159
2327	2309	2311
2311	2319	2327
589	2312	2328
2328	2308	2309
2312	101	2308
2308	2328	2312
2309	2327	2328
2328	2326	589
2327	591	2326
2326	2328	2327
38	2329	1354
1354	2330	357
2329	593	2330
2330	1354	2329
357	2331	1360
1360	2332	106
2331	594	2332
2332	1360	2331
593	2334	2333
2333	2335	594
2334	165	2335
2335	2333	2334
594	2331	2333
2333	2330	593
2331	357	2330
2330	2333	2331
106	2336	1370
1370	2337	362
2336	2338	2337
2337	1370	2336
362	2339	1375
1375	2092	30
2339	540	2092
2092	1375	2339
2338	2341	2340
2340	2089	540
2341	153	2089
2089	2340	2341
540	2339	2340
2340	2337	2338
2339	362	2337
2337	2340	2339
165	2343	2342
2342	2344	596
2343	597	2344
2344	2342	2343
596	2346	2345
2345	2083	153
2346	537	2083
2083	2345	2346
597	2348	2347
2347	2080	537
2348	53	2080
2080	2347	2348
537	2346	2347
2347	2344	597
2346	596	2344
2344	2347	2346
153	2341	2345
2345	2349	596
2341	2338	2349
2349	2345	2341
596	2350	2342
2342	2335	165
2350	594	2335
2335	2342	2350
2338	2336	2351
2351	2332	594
2336	106	2332
2332	2351	2336
594	2350	2351
2351	2349	2338
2350	596	2349
2349	2351	2350
54	2137	2352
2352	2353	598
2137	549	2353
2353	2352	2137
598	2355	2354
2354	2356	166
2355	2357	2356
2356	2354	2355
549	2130	2358
2358	2359	2357
2130	154	2359
2359	2358	2130
2357	2355	2358
2358	2353	549
2355	598	2353
2353	2358	2355
166	2361	2360
2360	2362	600
2361	2363	2362
2362	2360	2361
600	2365	2364
2364	2060	53
2365	531	2060
2060	2364	2365
2363	2367	2366
2366	2057	531
2367	150	2057
2057	2366	2367
531	2365	2366
2366	2362	2363
2365	600	2362
2362	2366	2365
154	2120	2368
2368	2369	602
2120	544	2369
2369	2368	2120
602	2371	2370
2370	2050	150
2371	528	2050
2050	2370	2371
544	2115	2372
2372	2047	528
2115	27	2047
2047	2372	2115
528	2371	2372
2372	2369	544
2371	602	2369
2369	2372	2371
150	2367	2370
2370	2373	602
2367	2363	2373
2373	2370	2367
602	2374	2368
2368	2359	154
2374	2357	2359
2359	2368	2374
2363	2361	2375
2375	2356	2357
2361	166	2356
2356	2375	2361
2357	2374	2375
2375	2373	2363
2374	602	2373
2373	2375	2374
53	2348	2364
2364	2376	600
2348	597	2376
2376	2364	2348
600	2377	2360
2360	2378	166
2377	603	2378
2378	2360	2377
597	2343	2379
2379	2380	603
2343	165	2380
2380	2379	2343
603	2377	2379
2379	2376	597
2377	600	2376
2376	2379	2377
166	2381	2354
2354	2382	598
2381	604	2382
2382	2354	2381
598	2383	2352
2352	2325	54
2383	592	2325
2325	2352	2383
604	2385	2384
2384	2323	592
2385	164	2323
2323	2384	2385
592	2383	2384
2384	2382	604
2383	598	2382
2382	2384	2383
165	2334	2386
2386	2387	605
2334	593	2387
2387	2386	2334
605	2389	2388
2388	2318	164
2389	590	2318
2318	2388	2389
593	2329	2390
2390	2315	590
2329	38	2315
2315	2390	2329
590	2389	2390
2390	2387	593
2389	605	2387
2387	2390	2389
164	2385	2388
2388	2391	605
2385	604	2391
2391	2388	2385
605	2392	2386
2386	2380	165
2392	603	2380
2380	2386	2392
604	2381	2393
2393	2378	603
2381	166	2378
2378	2393	2381
603	2392	2393
2393	2391	604
2392	605	2391
2391	2393	2392
39	1780	1398
1398	2394	367
1780	461	2394
2394	1398	1780
367	2395	1404
1404	2396	108
2395	606	2396
2396	1404	2395
461	1774	2397
2397	2398	606
1774	131	2398
2398	2397	1774
606	2395	2397
2397	2394	461
2395	367	2394
2394	2397	2395
108	2399	1418
1418	2400	373
2399	607	2400
2400	1418	2399
373	2401	1424
1424	2402	41
2401	608	2402
2402	1424	2401
607	2404	2403
2403	2405	608
2404	167	2405
2405	2403	2404
608	2401	2403
2403	2400	607
2401	373	2400
2400	2403	2401
131	1762	2406
2406	2407	609
1762	455	2407
2407	2406	1762
609	2409	2408
2408	2410	167
2409	610	2410
2410	2408	2409
455	1755	2411
2411	2412	610
1755	46	2412
2412	2411	1755
610	2409	2411
2411	2407	455
2409	609	2407
2407	2411	2409
167	2404	2408
2408	2413	609
2404	607	2413
2413	2408	2404
609	2414	2406
2406	2398	131
2414	606	2398
2398	2406	2414
607	2399	2415
2415	2396	606
2399	108	2396
2396	2415	2399
606	2414	2415
2415	2413	607
2414	609	2413
2413	2415	2414
41	2416	1458
1458	2417	383
2416	2418	2417
2417	1458	2416
383	2419	1464
1464	2420	113
2419	612	2420
2420	1464	2419
2418	2422	2421
2421	2423	612
2422	168	2423
2423	2421	2422
612	2419	2421
2421	2417	2418
2419	383	2417
2417	2421	2419
113	2424	1475
1475	2425	388
2424	613	2425
2425	1475	2424
388	2426	1480
1480	2197	36
2426	566	2197
2197	1480	2426
613	2428	2427
2427	2194	566
2428	160	2194
2194	2427	2428
566	2426	2427
2427	2425	613
2426	388	2425
2425	2427	2426
168	2430	2429
2429	2431	614
2430	615	2431
2431	2429	2430
614	2433	2432
2432	2188	160
2433	2185	2188
2188	2432	2433
615	2435	2434
2434	2184	2185
2435	55	2184
2184	2434	2435
2185	2433	2434
2434	2431	615
2433	614	2431
2431	2434	2433
160	2428	2432
2432	2436	614
2428	613	2436
2436	2432	2428
614	2437	2429
2429	2423	168
2437	612	2423
2423	2429	2437
613	2424	2438
2438	2420	612
2424	113	2420
2420	2438	2424
612	2437	2438
2438	2436	613
2437	614	2436
2436	2438	2437
46	1721	2439
2439	2440	616
1721	445	2440
2440	2439	1721
616	2442	2441
2441	2443	169
2442	2444	2443
2443	2441	2442
445	1715	2445
2445	2446	2444
1715	126	2446
2446	2445	1715
2444	2442	2445
2445	2440	445
2442	616	2440
2440	2445	2442
169	2448	2447
2447	2449	618
2448	619	2449
2449	2447	2448
618	2451	2450
2450	2165	55
2451	557	2165
2165	2450	2451
619	2453	2452
2452	2162	557
2453	157	2162
2162	2452	2453
557	2451	2452
2452	2449	619
2451	618	2449
2449	2452	2451
126	1705	2454
2454	2455	620
1705	440	2455
2455	2454	1705
620	2457	2456
2456	2156	157
2457	554	2156
2156	2456	2457
440	1700	2458
2458	2153	554
1700	19	2153
2153	2458	1700
554	2457	2458
2458	2455	440
2457	620	2455
2455	2458	2457
157	2453	2456
2456	2459	620
2453	619	2459
2459	2456	2453
620	2460	2454
2454	2446	126
2460	2444	2446
2446	2454	2460
619	2448	2461
2461	2443	2444
2448	169	2443
2443	2461	2448
2444	2460	2461
2461	2459	619
2460	620	2459
2459	2461	2460
55	2435	2450
2450	2462	618
2435	615	2462
2462	2450	2435
618	2463	2447
2447	2464	169
2463	621	2464
2464	2447	2463
615	2430	2465
2465	2466	621
2430	168	2466
2466	2465	2430
621	2463	2465
2465	2462	615
2463	618	2462
2462	2465	2463
169	2467	2441
2441	2468	616
2467	622	2468
2468	2441	2467
616	2469	2439
2439	2412	46
2469	610	2412
2412	2439	2469
622	2471	2470
2470	2410	610
2471	167	2410
2410	2470	2471
610	2469	2470
2470	2468	622
2469	616	2468
2468	2470	2469
168	2422	2472
2472	2473	623
2422	2418	2473
2473	2472	2422
623	2475	2474
2474	2405	167
2475	608	2405
2405	2474	2475
2418	2416	2476
2476	2402	608
2416	41	2402
2402	2476	2416
608	2475	2476
2476	2473	2418
2475	623	2473
2473	2476	2475
167	2471	2474
2474	2477	623
2471	622	2477
2477	2474	2471
623	2478	2472
2472	2466	168
2478	621	2466
2466	2472	2478
622	2467	2479
2479	2464	621
2467	169	2464
2464	2479	2467
621	2478	2479
2479	2477	622
2478	623	2477
2477	2479	2478
42	1884	1503
1503	2480	393
1884	487	2480
2480	1503	1884
393	2481	1509
1509	2482	115
2481	624	2482
2482	1509	2481
487	1878	2483
2483	2484	624
1878	138	2484
2484	2483	1878
624	2481	2483
2483	2480	487
2481	393	2480
2480	2483	2481
115	2485	1521
1521	2486	399
2485	625	2486
2486	1521	2485
399	2487	1527
1527	2488	44
2487	626	2488
2488	1527	2487
625	2490	2489
2489	2491	626
2490	170	2491
2491	2489	2490
626	2487	2489
2489	2486	625
2487	399	2486
2486	2489	2487
138	1865	2492
2492	2493	627
1865	481	2493
2493	2492	1865
627	2495	2494
2494	2496	170
2495	2497	2496
2496	2494	2495
481	1858	2498
2498	2499	2497
1858	48	2499
2499	2498	1858
2497	2495	2498
2498	2493	481
2495	627	2493
2493	2498	2495
170	2490	2494
2494	2500	627
2490	625	2500
2500	2494	2490
627	2501	2492
2492	2484	138
2501	624	2484
2484	2492	2501
625	2485	2502
2502	2482	624
2485	115	2482
2482	2502	2485
624	2501	2502
2502	2500	625
2501	627	2500
2500	2502	2501
44	2503	1561
1561	2504	409
2503	2505	2504
2504	1561	2503
409	2506	1567
1567	2507	120
2506	630	2507
2507	1567	2506
2505	2509	2508
2508	2510	630
2509	171	2510
2510	2508	2509
630	2506	2508
2508	2504	2505
2506	409	2504
2504	2508	2506
120	2511	1578
1578	2512	414
2511	631	2512
2512	1578	2511
414	2513	1583
1583	1781	39
2513	462	1781
1781	1583	2513
631	2515	2514
2514	1778	462
2515	132	1778
1778	2514	2515
462	2513	2514
2514	2512	631
2513	414	2512
2512	2514	2513
171	2517	2516
2516	2518	632
2517	633	2518
2518	2516	2517
632	2520	2519
2519	1772	132
2520	459	1772
1772	2519	2520
633	2522	2521
2521	1769	459
2522	47	1769
1769	2521	2522
459	2520	2521
2521	2518	633
2520	632	2518
2518	2521	2520
132	2515	2519
2519	2523	632
2515	631	2523
2523	2519	2515
632	2524	2516
2516	2510	171
2524	630	2510
2510	2516	2524
631	2511	2525
2525	2507	630
2511	120	2507
2507	2525	2511
630	2524	2525
2525	2523	631
2524	632	2523
2523	2525	2524
48	1825	2526
2526	2527	634
1825	471	2527
2527	2526	1825
634	2529	2528
2528	2530	172
2529	635	2530
2530	2528	2529
471	1819	2531
2531	2532	635
1819	133	2532
2532	2531	1819
635	2529	2531
2531	2527	471
2529	634	2527
2527	2531	2529
172	2535	2533
2533	2536	2534
2535	637	2536
2536	2533	2535
2534	2538	2537
2537	1750	47
2538	1747	1750
1750	2537	2538
637	2540	2539
2539	1746	1747
2540	129	1746
1746	2539	2540
1747	2538	2539
2539	2536	637
2538	2534	2536
2536	2539	2538
133	1809	2541
2541	2542	638
1809	466	2542
2542	2541	1809
638	2544	2543
2543	1740	129
2544	450	1740
1740	2543	2544
466	1803	2545
2545	1737	450
1803	16	1737
1737	2545	1803
450	2544	2545
2545	2542	466
2544	638	2542
2542	2545	2544
129	2540	2543
2543	2546	638
2540	637	2546
2546	2543	2540
638	2547	2541
2541	2532	133
2547	635	2532
2532	2541	2547
637	2535	2548
2548	2530	635
2535	172	2530
2530	2548	2535
635	2547	2548
2548	2546	637
2547	638	2546
2546	2548	2547
47	2522	2537
2537	2549	2534
2522	633	2549
2549	2537	2522
2534	2550	2533
2533	2551	172
2550	2552	2551
2551	2533	2550
633	2517	2553
2553	2554	2552
2517	171	2554
2554	2553	2517
2552	2550	2553
2553	2549	633
2550	2534	2549
2549	2553	2550
172	2555	2528
2528	2556	634
2555	640	2556
2556	2528	2555
634	2557	2526
2526	2499	48
2557	2497	2499
2499	2526	2557
640	2559	2558
2558	2496	2497
2559	170	2496
2496	2558	2559
2497	2557	2558
2558	2556	640
2557	634	2556
2556	2558	2557
171	2509	2560
2560	2561	641
2509	2505	2561
2561	2560	2509
641	2563	2562
2562	2491	170
2563	626	2491
2491	2562	2563
2505	2503	2564
2564	2488	626
2503	44	2488
2488	2564	2503
626	2563	2564
2564	2561	2505
2563	641	2561
2561	2564	2563
170	2559	2562
2562	2565	641
2559	640	2565
2565	2562	2559
641	2566	2560
2560	2554	171
2566	2552	2554
2554	2560	2566
640	2555	2567
2567	2551	2552
2555	172	2551
2551	2567	2555
2552	2566	2567
2567	2565	640
2566	641	2565
2565	2567	2566
35	1987	1605
1605	2568	418
1987	513	2568
2568	1605	1987
418	2569	1610
1610	2570	121
2569	642	2570
2570	1610	2569
513	1981	2571
2571	2572	642
1981	145	2572
2572	2571	1981
642	2569	2571
2571	2568	513
2569	418	2568
2568	2571	2569
121	2573	1621
1621	2574	423
2573	643	2574
2574	1621	2573
423	2575	1627
1627	2576	45
2575	2577	2576
2576	1627	2575
643	2579	2578
2578	2580	2577
2579	173	2580
2580	2578	2579
2577	2575	2578
2578	2574	643
2575	423	2574
2574	2578	2575
145	1968	2581
2581	2582	645
1968	507	2582
2582	2581	1968
645	2584	2583
2583	2585	173
2584	646	2585
2585	2583	2584
507	1962	2586
2586	2587	646
1962	50	2587
2587	2586	1962
646	2584	2586
2586	2582	507
2584	645	2582
2582	2586	2584
173	2579	2583
2583	2588	645
2579	643	2588
2588	2583	2579
645	2589	2581
2581	2572	145
2589	642	2572
2572	2581	2589
643	2573	2590
2590	2570	642
2573	121	2570
2570	2590	2573
642	2589	2590
2590	2588	643
2589	645	2588
2588	2590	2589
45	2591	1657
1657	2592	431
2591	647	2592
2592	1657	2591
431	2593	1663
1663	2594	125
2593	648	2594
2594	1663	2593
647	2596	2595
2595	2597	648
2596	174	2597
2597	2595	2596
648	2593	2595
2595	2592	647
2593	431	2592
2592	2595	2593
125	2598	1673
1673	2599	436
2598	649	2599
2599	1673	2598
436	2600	1678
1678	1885	42
2600	488	1885
1885	1678	2600
649	2602	2601
2601	1882	488
2602	139	1882
1882	2601	2602
488	2600	2601
2601	2599	649
2600	436	2599
2599	2601	2600
174	2604	2603
2603	2605	650
2604	2606	2605
2605	2603	2604
650	2608	2607
2607	1876	139
2608	485	1876
1876	2607	2608
2606	2610	2609
2609	1873	485
2610	49	1873
1873	2609	2610
485	2608	2609
2609	2605	2606
2608	650	2605
2605	2609	2608
139	2602	2607
2607	2611	650
2602	649	2611
2611	2607	2602
650	2612	2603
2603	2597	174
2612	648	2597
2597	2603	2612
649	2598	2613
2613	2594	648
2598	125	2594
2594	2613	2598
648	2612	2613
2613	2611	649
2612	650	2611
2611	2613	2612
50	1930	2614
2614	2616	2615
1930	1925	2616
2616	2614	1930
2615	2618	2617
2617	2619	175
2618	653	2619
2619	2617	2618
1925	1923	2620
2620	2621	653
1923	140	2621
2621	2620	1923
653	2618	2620
2620	2616	1925
2618	2615	2616
2616	2620	2618
175	2623	2622
2622	2624	654
2623	655	2624
2624	2622	2623
654	2626	2625
2625	1853	49
2626	479	1853
1853	2625	2626
655	2628	2627
2627	1850	479
2628	136	1850
1850	2627	2628
479	2626	2627
2627	2624	655
2626	654	2624
2624	2627	2626
140	1912	2629
2629	2630	656
1912	492	2630
2630	2629	1912
656	2632	2631
2631	1844	136
2632	476	1844
1844	2631	2632
492	1907	2633
2633	1841	476
1907	21	1841
1841	2633	1907
476	2632	2633
2633	2630	492
2632	656	2630
2630	2633	2632
136	2628	2631
2631	2634	656
2628	655	2634
2634	2631	2628
656	2635	2629
2629	2621	140
2635	653	2621
2621	2629	2635
655	2623	2636
2636	2619	653
2623	175	2619
2619	2636	2623
653	2635	2636
2636	2634	655
2635	656	2634
2634	2636	2635
49	2610	2625
2625	2637	654
2610	2606	2637
2637	2625	2610
654	2638	2622
2622	2639	175
2638	657	2639
2639	2622	2638
2606	2604	2640
2640	2641	657
2604	174	2641
2641	2640	2604
657	2638	2640
2640	2637	2606
2638	654	2637
2637	2640	2638
175	2642	2617
2617	2643	2615
2642	2644	2643
2643	2617	2642
2615	2645	2614
2614	2587	50
2645	646	2587
2587	2614	2645
2644	2647	2646
2646	2585	646
2647	173	2585
2585	2646	2647
646	2645	2646
2646	2643	2644
2645	2615	2643
2643	2646	2645
174	2596	2648
2648	2649	659
2596	647	2649
2649	2648	2596
659	2651	2650
2650	2580	173
2651	2577	2580
2580	2650	2651
647	2591	2652
2652	2576	2577
2591	45	2576
2576	2652	2591
2577	2651	2652
2652	2649	647
2651	659	2649
2649	2652	2651
173	2647	2650
2650	2653	659
2647	2644	2653
2653	2650	2647
659	2654	2648
2648	2641	174
2654	657	2641
2641	2648	2654
2644	2642	2655
2655	2639	657
2642	175	2639
2639	2655	2642
657	2654	2655
2655	2653	2644
2654	659	2653
2653	2655	2654
